980  448 1044 512 12.bmp
1044 448 1108 512 13.bmp
1108 448 1172 512 14.bmp
1172 448 1236 512 15.bmp
1236 448 1300 512 16.bmp
980  384 1044 448 17.bmp
1044 384 1108 448 18.bmp
1108 384 1172 448 19.bmp
1172 384 1236 448 20.bmp
1236 384 1300 448 21.bmp
980  320 1044 384 22.bmp
1044 320 1108 384 23.bmp
1108 320 1172 384 24.bmp
1172 320 1236 384 25.bmp
1236 320 1300 384 26.bmp
980  256 1044 320 27.bmp
1044 256 1108 320 28.bmp
1108 256 1172 320 29.bmp
1172 256 1236 320 30.bmp
1236 256 1300 320 31.bmp
980  192 1044 256 32.bmp
1044 192 1108 256 33.bmp
1108 192 1172 256 34.bmp
1172 192 1236 256 35.bmp
1236 192 1300 256 36.bmp
980  128 1044 192 37.bmp
1044 128 1108 192 38.bmp
1108 128 1172 192 39.bmp
1172 128 1236 192 40.bmp
1236 128 1300 192 41.bmp
980  64 1044 128 42.bmp
1044 64 1108 128 43.bmp
1108 64 1172 128 44.bmp
1172 64 1236 128 45.bmp
1236 64 1300 128 46.bmp
980  0 1044 64 47.bmp
1044 0 1108 64 48.bmp
1108 0 1172 64 49.bmp
1172 0 1236 64 50.bmp
